YearsExperience,Salary
1.0,32000.45
2.4,35010.12
3.6,37025.67
4.2,38540.33
5.0,40210.89
6.0,42050.44
6.8,43890.12
7.8,45530.78
8.4,47010.55
9.2,48840.9
10.0,50560.23
10.6,52010.67
11.4,53890.45
12.0,55530.88
12.8,57010.19
13.6,58890.67
14.2,60540.34
15.0,62090.11
15.8,63840.56
16.4,65510.22
17.2,67090.89
18.0,68840.45
18.6,70510.77
19.4,72090.12
20.0,73840.89
20.8,75510.34
21.6,77090.67
22.2,78840.12
23.0,80510.88
23.8,82090.33
24.4,83840.55
25.2,85510.12
26.0,87090.78
26.6,88840.44
27.4,90510.9
28.0,92090.23
28.8,93840.67
29.6,95510.11
30.2,97090.89
31.0,98840.45
31.8,100510.12
32.4,102090.34
33.2,103840.78
34.0,105510.9
34.6,107090.23
35.4,108840.67
36.2,110510.11
36.8,112090.89
37.6,113840.45
38.4,115510.12
39.0,117090.78
39.8,118840.44
40.6,120510.9
41.2,122090.23
42.0,123840.67
42.8,125510.11
43.4,127090.89
44.2,128840.45
45.0,130510.12
45.6,132090.78
46.4,133840.44
47.2,135510.9
47.8,137090.23
48.6,138840.67
49.4,140510.11
50.0,142090.89
50.8,143840.45
51.6,145510.12
52.2,147090.78
53.0,148840.44
53.8,150510.9
54.4,152090.23
55.2,153840.67
56.0,155510.11
56.6,157090.89
57.4,158840.45
58.2,160510.12
58.8,162090.78
59.6,163840.44
60.4,165510.9
61.0,167090.23
61.8,168840.67
62.6,170510.11
63.2,172090.89
64.0,173840.45
64.8,175510.12
65.4,177090.78
66.2,178840.44
67.0,180510.9
67.6,182090.23
68.4,183840.67
69.2,185510.11
70.0,187090.89
